0  0  0
1.1995  0.05  0.05
0.862688  0.200007  0.2
-1.65968  0.449908  0.45
1.24016  0.799913  0.8
2.53697  1.25027  1.25
2.33435  1.80066  1.8
-2.19475  2.44662  2.45
-1.57328  3.18917  3.2
2.36633  4.03365  4.05
2.34773  4.97348  5
3.26547  6.00909  6.05
2.72492  7.13164  7.2
8.0723  8.37145  8.45
10.6554  9.72043  9.8
10.7527  11.1588  11.25
12.1858  12.6946  12.8
11.5033  14.2962  14.45
11.3073  15.9559  16.2
14.1569  17.7174  18.05
20.4054  19.6595  20
31.1146  21.9208  22.05
26.3042  24.1274  24.2
20.5091  26.1932  26.45
23.8531  28.3687  28.8
34.7995  30.9446  31.25
38.7542  33.6944  33.8
40.4864  36.524  36.45
39.2291  39.2801  39.2
42.1938  42.1413  42.05
46.9407  45.1965  45
44.9539  48.0779  48.05
50.3072  51.179  51.2
57.4504  54.6111  54.45
54.8345  57.7776  57.8
60.7939  61.201  61.25
68.503  64.9961  64.8
67.8103  68.6007  68.45
72.8634  72.3937  72.2
71.1363  75.899  76.05
80.4468  79.886  80
80.4974  83.6877  84.05
91.5235  88.0899  88.2
89.7539  92.1495  92.45
93.7855  96.2912  96.8
105.267  101.057  101.25
107.605  105.75  105.8
109.443  110.329  110.45
122.131  115.603  115.2
117.766  120.27  120.05
128.073  125.443  125
131.895  130.616  130.05
132.222  135.522  135.2
135.54  140.392  140.45
144.912  145.677  145.8
152.49  151.225  151.25
164.152  157.329  156.8
163.38  163.028  162.45
171.847  169.029  168.2
175.577  174.96  174.05
185.265  181.268  180
185.067  187.191  186.05
193.05  193.355  192.2
197.294  199.466  198.45
199.818  205.394  204.8
209.979  211.716  211.25
218.085  218.259  217.8
220.031  224.549  224.45
229.393  231.149  231.2
234.872  237.751  238.05
248.447  244.963  245
252.918  252.071  252.05
262.898  259.491  259.2
264.762  266.594  266.45
273.583  273.914  273.8
280.072  281.262  281.25
288.439  288.777  288.8
291.448  296.042  296.45
302.383  303.663  304.2
314.422  311.707  312.05
321.378  319.77  320
330.413  328.003  328.05
339.155  336.374  336.2
341.678  344.404  344.45
351.864  352.68  352.8
362.944  361.26  361.25
374.056  370.129  369.8
375.078  378.507  378.45
385.425  387.116  387.2
391.828  395.645  396.05
404.199  404.547  405
413.551  413.574  414.05
425.028  422.88  423.2
430.203  431.97  432.45
445.401  441.613  441.8
449.386  450.928  451.25
462.498  460.621  460.8
466.51  469.979  470.45
482.535  479.926  480.2
488.588  489.677  490.05
